711,357,443,791,555,559,849,986,553,423
31,96,615
95,409,568,889,889
175,487,734,770,776,703
36,470,195,163,832,911,641,674,416,479,330,281,26,743,844,124
671,522,191,236,304,344
296,664,216
297,20,51,994,584,587
393,598,63,340,628,352,53,143,465,830,819,872,884,947
492,583,653,801,498,999,917,544,430,929,362,502,765,386,608,94,117
655,11,95,73,787,577,262,300,423,915,515,449,39,309,394
937,756,132,392,936,400,557,134
922,881,156,808,852,290,159
213
535,240,354,566,299,85,933,476,91,958,397,574,112,588,756
651,619,174,11,647,550,679
380,917,505,749
430,486,229,989,938,311,368
583,770,136,431,200,306,169,742,567,900,653,255,496,354,106,103,244
